0.011111 2
1.000000 180
0.500000 90
0.466667 84
0.044444 8
0.466667 84
1.000000 180
0.083333 15
0.394444 71
1.000000 180
0.066667 12
0.250000 45
0.466667 84
0.211111 38
0.250000 45
0.394444 71
0.183333 33
0.361111 65
0.194444 35
1.000000 180
0.066667 12
0.250000 45
1.000000 180
0.022222 4
0.211111 38
0.183333 33
0.100000 18
1.000000 180
0.127778 23
0.127778 23
0.361111 65
0.500000 90
1.000000 180
0.500000 90
0.116667 21
0.466667 84
0.394444 71
0.166667 30
0.466667 84
1.000000 180
0.255556 46
0.238889 43
1.000000 180
0.205556 37
0.238889 43
1.000000 180
0.250000 45
0.500000 90
0.255556 46
0.194444 35
0.111111 20
0.194444 35
0.194444 35
0.016667 3
0.050000 9
0.500000 90
0.205556 37
1.000000 180
0.255556 46
0.238889 43
0.466667 84
0.211111 38
0.183333 33
0.500000 90
0.466667 84
1.000000 180
0.255556 46
0.238889 43
1.000000 180
0.255556 46
0.466667 84
0.500000 90
0.211111 38
1.000000 180
0.066667 12
0.250000 45
1.000000 180
0.194444 35
0.500000 90
0.255556 46
0.238889 43
0.100000 18
1.000000 180
0.127778 23
0.127778 23
0.361111 65
0.500000 90
1.000000 180
0.500000 90
0.116667 21
0.466667 84
0.394444 71
0.166667 30
0.466667 84
1.000000 180
0.255556 46
0.238889 43
1.000000 180
0.361111 65
0.394444 71
0.255556 46
1.000000 180
0.066667 12
0.250000 45
1.000000 180
0.194444 35
0.211111 38
0.183333 33
0.466667 84
0.394444 71
1.000000 180
0.255556 46
0.238889 43
1.000000 180
0.205556 37
0.238889 43
1.000000 180
0.022222 4
0.161111 29
0.194444 35
0.111111 20
0.194444 35
0.194444 35
0.127778 23
0.205556 37
1.000000 180
0.066667 12
0.250000 45
0.050000 9
0.238889 43
0.033333 6
0.500000 90
0.466667 84
1.000000 180
0.205556 37
0.500000 90
0.361111 65
1.000000 180
0.127778 23
0.361111 65
0.250000 45
0.394444 71
1.000000 180
0.194444 35
0.500000 90
1.000000 180
0.466667 84
0.161111 29
0.033333 6
0.361111 65
0.100000 18
1.000000 180
0.127778 23
0.127778 23
0.361111 65
0.500000 90
1.000000 180
0.500000 90
0.116667 21
0.466667 84
0.394444 71
0.166667 30
0.466667 84
1.000000 180
0.255556 46
0.238889 43
1.000000 180
0.361111 65
0.500000 90
0.211111 38
1.000000 180
0.250000 45
0.161111 29
0.466667 84
0.500000 90
1.000000 180
0.027778 5
0.394444 71
0.194444 35
0.394444 71
0.111111 20
0.194444 35
0.194444 35
0.033333 6
0.211111 38
0.250000 45
0.466667 84
1.000000 180
0.161111 29
0.127778 23
0.161111 29
0.255556 46
0.361111 65
0.466667 84
1.000000 180
0.116667 21
0.361111 65
1.000000 180
0.205556 37
0.238889 43
1.000000 180
0.083333 15
0.161111 29
0.183333 33
1.000000 180
0.161111 29
0.194444 35
0.005556 1
0.361111 65
0.361111 65
1.000000 180
0.083333 15
0.394444 71
1.000000 180
0.116667 21
0.500000 90
1.000000 180
0.194444 35
0.361111 65
0.466667 84
0.361111 65
0.466667 84
0.100000 18
1.000000 180
0.127778 23
0.127778 23
0.361111 65
0.500000 90
1.000000 180
0.500000 90
0.116667 21
0.466667 84
0.394444 71
0.166667 30
0.466667 84
1.000000 180
0.255556 46
0.238889 43
1.000000 180
0.050000 9
0.361111 65
0.250000 45
0.238889 43
1.000000 180
0.050000 9
0.500000 90
0.194444 35
0.500000 90
0.250000 45
0.033333 6
0.500000 90
0.111111 20
0.194444 35
0.194444 35
0.127778 23
0.205556 37
1.000000 180
0.050000 9
0.238889 43
0.027778 5
0.211111 38
0.466667 84
1.000000 180
0.005556 1
1.000000 180
0.205556 37
0.044444 8
0.361111 65
0.250000 45
0.361111 65
1.000000 180
0.027778 5
0.183333 33
0.211111 38
0.205556 37
0.161111 29
0.500000 90
0.255556 46
0.394444 71
0.100000 18
1.000000 180
0.127778 23
0.127778 23
0.361111 65
0.500000 90
1.000000 180
0.500000 90
0.116667 21
0.466667 84
0.394444 71
0.166667 30
0.466667 84
1.000000 180
0.255556 46
0.238889 43
1.000000 180
0.116667 21
0.394444 71
1.000000 180
0.033333 6
0.361111 65
0.250000 45
1.000000 180
0.066667 12
0.250000 45
1.000000 180
0.500000 90
0.116667 21
0.394444 71
1.000000 180
0.205556 37
0.394444 71
0.116667 21
0.394444 71
0.111111 20
0.194444 35
0.194444 35
0.016667 3
0.050000 9
0.500000 90
0.205556 37
1.000000 180
0.066667 12
0.250000 45
0.255556 46
0.194444 35
0.183333 33
0.361111 65
0.255556 46
1.000000 180
0.116667 21
0.500000 90
1.000000 180
0.116667 21
0.194444 35
0.161111 29
0.500000 90
0.116667 21
0.500000 90
1.000000 180
0.083333 15
0.394444 71
1.000000 180
0.116667 21
0.161111 29
0.027778 5
0.394444 71
0.183333 33
0.361111 65
0.100000 18
1.000000 180
0.127778 23
0.127778 23
0.361111 65
0.500000 90
1.000000 180
0.500000 90
0.116667 21
0.466667 84
0.394444 71
0.166667 30
0.466667 84
1.000000 180
0.255556 46
0.238889 43
0.050000 9
0.205556 37
0.361111 65
1.000000 180
0.361111 65
0.500000 90
0.211111 38
1.000000 180
0.194444 35
0.500000 90
0.183333 33
0.250000 45
0.394444 71
0.466667 84
0.211111 38
0.116667 21
0.111111 20
0.194444 35
0.194444 35
0.016667 3
0.050000 9
0.500000 90
0.205556 37
1.000000 180
0.500000 90
0.250000 45
0.033333 6
0.500000 90
0.022222 4
0.500000 90
0.466667 84
0.100000 18
1.000000 180
0.127778 23
0.127778 23
0.361111 65
0.500000 90
1.000000 180
0.500000 90
0.116667 21
0.466667 84
0.394444 71
0.166667 30
0.466667 84
1.000000 180
0.255556 46
0.238889 43
0.050000 9
0.250000 45
0.194444 35
0.394444 71
0.166667 30
1.000000 180
0.116667 21
0.211111 38
0.194444 35
0.183333 33
0.211111 38
0.116667 21
0.111111 20
0.194444 35
0.194444 35
0.033333 6
0.194444 35
0.183333 33
0.361111 65
0.394444 71
1.000000 180
0.500000 90
0.466667 84
0.044444 8
0.466667 84
1.000000 180
0.083333 15
0.394444 71
1.000000 180
0.027778 5
0.183333 33
0.211111 38
0.205556 37
0.161111 29
0.255556 46
0.111111 20
1.000000 180
0.127778 23
0.127778 23
0.361111 65
0.500000 90
1.000000 180
0.500000 90
0.116667 21
0.466667 84
0.394444 71
0.166667 30
0.466667 84
1.000000 180
0.255556 46
0.238889 43
1.000000 180
0.194444 35
0.361111 65
0.466667 84
0.394444 71
0.255556 46
0.194444 35
1.000000 180
0.194444 35
0.394444 71
0.050000 9
0.500000 90
1.000000 180
0.205556 37
0.500000 90
0.361111 65
1.000000 180
0.255556 46
0.194444 35
0.183333 33
0.361111 65
0.255556 46
0.111111 20
0.194444 35
0.194444 35
0.011111 2
1.000000 180
0.500000 90
0.466667 84
0.044444 8
0.466667 84
1.000000 180
0.083333 15
0.394444 71
1.000000 180
0.027778 5
0.183333 33
0.211111 38
0.205556 37
0.161111 29
0.500000 90
0.255556 46
0.238889 43
0.100000 18
1.000000 180
0.033333 6
0.211111 38
0.250000 45
0.466667 84
1.000000 180
0.500000 90
0.466667 84
0.044444 8
0.466667 84
1.000000 180
0.083333 15
0.394444 71
1.000000 180
0.066667 12
0.250000 45
0.083333 15
0.183333 33
0.238889 43
0.033333 6
0.161111 29
0.255556 46
0.466667 84
0.361111 65
0.466667 84
0.100000 18
1.000000 180
0.127778 23
0.127778 23
0.361111 65
0.500000 90
1.000000 180
0.500000 90
0.116667 21
0.466667 84
0.394444 71
0.166667 30
0.466667 84
1.000000 180
0.255556 46
0.238889 43
1.000000 180
0.205556 37
0.238889 43
1.000000 180
0.194444 35
0.238889 43
0.255556 46
0.238889 43
0.466667 84
0.161111 29
0.183333 33
0.394444 71
0.255556 46
0.194444 35
0.111111 20
0.194444 35
0.194444 35
0.127778 23
0.205556 37
1.000000 180
0.116667 21
0.211111 38
0.500000 90
0.466667 84
1.000000 180
0.211111 38
0.250000 45
1.000000 180
0.194444 35
0.183333 33
0.394444 71
0.083333 15
0.361111 65
0.466667 84
0.100000 18
1.000000 180
0.127778 23
0.127778 23
0.361111 65
0.500000 90
1.000000 180
0.500000 90
0.116667 21
0.466667 84
0.394444 71
0.166667 30
0.466667 84
1.000000 180
0.255556 46
0.238889 43
1.000000 180
0.250000 45
0.394444 71
1.000000 180
0.205556 37
0.211111 38
0.466667 84
0.238889 43
0.205556 37
1.000000 180
0.066667 12
0.250000 45
1.000000 180
0.033333 6
0.500000 90
0.183333 33
0.255556 46
0.161111 29
0.250000 45
0.361111 65
0.394444 71
0.183333 33
0.500000 90
1.000000 180
0.250000 45
0.161111 29
0.211111 38
0.238889 43
0.111111 20
0.194444 35
0.194444 35
0.033333 6
0.211111 38
0.250000 45
0.466667 84
1.000000 180
0.116667 21
0.500000 90
1.000000 180
0.205556 37
0.500000 90
0.466667 84
0.394444 71
0.183333 33
0.250000 45
0.361111 65
0.466667 84
0.500000 90
0.466667 84
0.394444 71
0.100000 18
1.000000 180
0.127778 23
0.127778 23
0.361111 65
0.500000 90
1.000000 180
0.500000 90
0.116667 21
0.466667 84
0.394444 71
0.166667 30
0.466667 84
1.000000 180
0.255556 46
0.238889 43
0.050000 9
0.205556 37
0.361111 65
1.000000 180
0.050000 9
0.238889 43
0.083333 15
1.000000 180
0.194444 35
0.161111 29
0.166667 30
0.361111 65
0.116667 21
0.211111 38
0.116667 21
0.111111 20
0.194444 35
0.194444 35
0.005556 1
0.211111 38
0.194444 35
0.183333 33
0.394444 71
0.027778 5
1.000000 180
0.166667 30
0.044444 8
0.250000 45
0.238889 43
1.000000 180
0.255556 46
0.394444 71
0.500000 90
0.183333 33
0.500000 90
1.000000 180
0.466667 84
0.044444 8
0.183333 33
0.027778 5
0.361111 65
0.211111 38
0.100000 18
1.000000 180
0.127778 23
0.127778 23
0.361111 65
0.500000 90
1.000000 180
0.500000 90
0.116667 21
0.466667 84
0.394444 71
0.166667 30
0.466667 84
1.000000 180
0.255556 46
0.238889 43
1.000000 180
0.205556 37
0.394444 71
0.183333 33
0.033333 6
1.000000 180
0.066667 12
0.250000 45
1.000000 180
0.194444 35
0.161111 29
0.250000 45
0.194444 35
0.394444 71
0.083333 15
0.361111 65
0.211111 38
0.111111 20
0.194444 35
0.194444 35
0.127778 23
0.205556 37
1.000000 180
0.205556 37
0.211111 38
0.250000 45
0.194444 35
0.361111 65
0.466667 84
1.000000 180
0.205556 37
0.211111 38
0.116667 21
0.466667 84
1.000000 180
0.166667 30
0.394444 71
0.250000 45
0.466667 84
0.183333 33
0.211111 38
1.000000 180
0.027778 5
0.361111 65
0.183333 33
0.205556 37
0.500000 90
1.000000 180
0.500000 90
0.255556 46
0.466667 84
0.500000 90
0.100000 18
1.000000 180
0.127778 23
0.127778 23
0.361111 65
0.500000 90
1.000000 180
0.500000 90
0.116667 21
0.466667 84
0.394444 71
0.166667 30
0.466667 84
1.000000 180
0.255556 46
0.238889 43
1.000000 180
0.166667 30
0.183333 33
0.161111 29
0.205556 37
0.161111 29
0.050000 9
0.394444 71
0.027778 5
0.111111 20
0.194444 35
0.194444 35
0.016667 3
0.050000 9
0.161111 29
1.000000 180
0.205556 37
0.500000 90
0.361111 65
1.000000 180
0.255556 46
0.211111 38
0.166667 30
0.161111 29
0.183333 33
0.466667 84
1.000000 180
0.166667 30
0.394444 71
1.000000 180
0.250000 45
0.394444 71
0.050000 9
0.500000 90
0.255556 46
0.466667 84
0.238889 43
0.050000 9
0.205556 37
0.394444 71
0.500000 90
0.100000 18
1.000000 180
0.127778 23
0.127778 23
0.361111 65
0.500000 90
1.000000 180
0.500000 90
0.116667 21
0.466667 84
0.394444 71
0.166667 30
0.466667 84
1.000000 180
0.255556 46
0.238889 43
1.000000 180
0.166667 30
0.116667 21
0.394444 71
0.194444 35
1.000000 180
0.066667 12
0.250000 45
1.000000 180
0.083333 15
0.394444 71
0.116667 21
0.394444 71
0.033333 6
0.500000 90
0.033333 6
0.361111 65
0.394444 71
1.000000 180
0.194444 35
0.211111 38
1.000000 180
0.250000 45
0.161111 29
0.211111 38
0.500000 90
1.000000 180
0.194444 35
0.161111 29
0.116667 21
0.394444 71
0.033333 6
0.238889 43
0.111111 20
0.194444 35
0.194444 35
0.127778 23
0.205556 37
1.000000 180
0.066667 12
0.205556 37
0.127778 23
0.238889 43
0.466667 84
0.183333 33
0.044444 8
0.250000 45
0.361111 65
0.466667 84
0.100000 18
1.000000 180
0.127778 23
0.127778 23
0.361111 65
0.500000 90
1.000000 180
0.500000 90
0.116667 21
0.466667 84
0.394444 71
0.166667 30
0.466667 84
1.000000 180
0.255556 46
0.238889 43
1.000000 180
0.361111 65
0.394444 71
0.255556 46
1.000000 180
0.116667 21
0.500000 90
1.000000 180
0.166667 30
0.394444 71
0.250000 45
0.255556 46
0.361111 65
0.394444 71
0.111111 20
0.194444 35
0.194444 35
0.033333 6
0.211111 38
0.250000 45
0.466667 84
1.000000 180
0.127778 23
0.211111 38
0.250000 45
0.361111 65
0.194444 35
0.100000 18
1.000000 180
0.127778 23
0.127778 23
0.361111 65
0.500000 90
1.000000 180
0.500000 90
0.116667 21
0.466667 84
0.394444 71
0.166667 30
0.466667 84
1.000000 180
0.255556 46
0.238889 43
1.000000 180
0.205556 37
0.238889 43
1.000000 180
0.022222 4
0.161111 29
0.194444 35
1.000000 180
0.194444 35
0.211111 38
1.000000 180
0.250000 45
0.394444 71
0.166667 30
0.161111 29
0.033333 6
0.361111 65
0.361111 65
0.111111 20
0.194444 35
0.194444 35
0.016667 3
0.211111 38
1.000000 180
0.205556 37
0.238889 43
1.000000 180
0.255556 46
0.361111 65
0.205556 37
0.466667 84
1.000000 180
0.127778 23
0.361111 65
0.250000 45
0.394444 71
1.000000 180
0.083333 15
0.394444 71
0.116667 21
0.161111 29
0.194444 35
0.100000 18
1.000000 180
0.127778 23
0.127778 23
0.361111 65
0.500000 90
1.000000 180
0.500000 90
0.116667 21
0.466667 84
0.394444 71
0.166667 30
0.466667 84
1.000000 180
0.255556 46
0.238889 43
1.000000 180
0.050000 9
0.361111 65
0.250000 45
0.238889 43
1.000000 180
0.255556 46
0.500000 90
0.116667 21
0.050000 9
0.500000 90
0.183333 33
0.394444 71
0.500000 90
0.111111 20
0.194444 35
0.194444 35
0.033333 6
0.211111 38
0.250000 45
0.466667 84
1.000000 180
0.166667 30
0.116667 21
0.361111 65
0.250000 45
1.000000 180
0.083333 15
0.394444 71
1.000000 180
0.083333 15
0.211111 38
0.183333 33
0.394444 71
0.183333 33
0.394444 71
0.100000 18
1.000000 180
0.016667 3
0.211111 38
1.000000 180
0.205556 37
0.500000 90
0.361111 65
1.000000 180
0.166667 30
0.161111 29
0.466667 84
0.111111 20
1.000000 180
0.127778 23
0.127778 23
0.361111 65
0.500000 90
1.000000 180
0.500000 90
0.116667 21
0.466667 84
0.394444 71
0.166667 30
0.466667 84
1.000000 180
0.255556 46
0.238889 43
1.000000 180
0.205556 37
0.161111 29
0.183333 33
0.111111 20
0.194444 35
