0.014354 3
0.229665 48
0.320574 67
0.282297 59
0.043062 9
0.157895 33
1.000000 209
0.200957 42
0.497608 104
0.191388 40
0.244019 51
1.000000 209
0.186603 39
0.569378 119
1.000000 209
0.177033 37
0.497608 104
1.000000 209
0.148325 31
0.497608 104
0.282297 59
0.023923 5
0.387560 81
0.229665 48
0.569378 119
0.497608 104
1.000000 209
0.186603 39
0.282297 59
0.306220 64
0.148325 31
0.306220 64
0.177033 37
0.306220 64
0.387560 81
1.000000 209
0.320574 67
0.282297 59
0.244019 51
0.387560 81
0.497608 104
1.000000 209
0.157895 33
1.000000 209
0.172249 36
0.497608 104
0.177033 37
0.569378 119
0.320574 67
0.244019 51
1.000000 209
0.186603 39
0.569378 119
1.000000 209
0.148325 31
0.306220 64
0.081340 17
0.320574 67
0.569378 119
0.062201 13
1.000000 209
0.282297 59
0.569378 119
0.497608 104
1.000000 209
0.066986 14
0.157895 33
0.200957 42
0.076555 16
1.000000 209
0.009569 2
0.387560 81
0.200957 42
0.387560 81
0.157895 33
1.000000 209
0.148325 31
0.306220 64
0.191388 40
0.200957 42
0.244019 51
1.000000 209
0.229665 48
0.306220 64
1.000000 209
0.172249 36
0.306220 64
0.320574 67
0.569378 119
0.497608 104
1.000000 209
0.320574 67
0.282297 59
0.244019 51
0.387560 81
1.000000 209
0.057416 12
0.229665 48
1.000000 209
0.172249 36
0.282297 59
0.569378 119
0.497608 104
0.028708 6
0.148325 31
0.497608 104
1.000000 209
0.569378 119
0.387560 81
0.076555 16
1.000000 209
0.014354 3
0.306220 64
0.148325 31
1.000000 209
0.177033 37
0.569378 119
1.000000 209
0.052632 11
0.569378 119
0.186603 39
0.569378 119
0.497608 104
0.062201 13
1.000000 209
0.172249 36
0.497608 104
0.177033 37
0.569378 119
0.320574 67
0.497608 104
1.000000 209
0.191388 40
0.244019 51
0.282297 59
0.569378 119
0.497608 104
1.000000 209
0.186603 39
0.569378 119
1.000000 209
0.177033 37
0.497608 104
1.000000 209
0.177033 37
0.157895 33
0.200957 42
0.306220 64
0.177033 37
1.000000 209
0.569378 119
0.387560 81
1.000000 209
0.081340 17
0.387560 81
0.062201 13
1.000000 209
0.186603 39
0.387560 81
0.229665 48
0.320574 67
0.282297 59
0.043062 9
0.157895 33
1.000000 209
0.177033 37
0.157895 33
0.052632 11
0.387560 81
0.320574 67
0.306220 64
0.282297 59
0.244019 51
1.000000 209
0.282297 59
0.497608 104
0.172249 36
0.387560 81
0.186603 39
0.244019 51
0.062201 13
1.000000 209
0.177033 37
0.569378 119
1.000000 209
0.191388 40
0.320574 67
0.282297 59
0.387560 81
0.052632 11
0.569378 119
0.497608 104
1.000000 209
0.186603 39
0.569378 119
1.000000 209
0.172249 36
0.569378 119
0.282297 59
0.569378 119
0.320574 67
0.569378 119
0.076555 16
0.062201 13
0.062201 13
0.004785 1
0.497608 104
0.282297 59
1.000000 209
0.497608 104
0.229665 48
0.387560 81
0.387560 81
1.000000 209
0.320574 67
0.282297 59
0.569378 119
0.200957 42
0.569378 119
0.497608 104
0.306220 64
1.000000 209
0.081340 17
0.387560 81
1.000000 209
0.497608 104
0.200957 42
0.569378 119
0.191388 40
0.320574 67
1.000000 209
0.177033 37
0.306220 64
0.200957 42
0.282297 59
0.306220 64
0.043062 9
0.177033 37
1.000000 209
0.191388 40
0.387560 81
0.148325 31
0.023923 5
0.569378 119
0.497608 104
1.000000 209
0.081340 17
0.387560 81
1.000000 209
0.172249 36
0.497608 104
0.177033 37
0.569378 119
0.320574 67
0.497608 104
1.000000 209
0.186603 39
0.569378 119
1.000000 209
0.148325 31
0.306220 64
0.081340 17
0.320574 67
0.569378 119
0.076555 16
1.000000 209
0.009569 2
0.306220 64
1.000000 209
0.191388 40
0.569378 119
1.000000 209
0.148325 31
0.497608 104
0.387560 81
1.000000 209
0.172249 36
0.306220 64
0.320574 67
0.569378 119
0.497608 104
1.000000 209
0.057416 12
0.229665 48
0.186603 39
0.157895 33
0.387560 81
1.000000 209
0.200957 42
0.306220 64
0.148325 31
1.000000 209
0.320574 67
0.282297 59
0.569378 119
0.028708 6
0.306220 64
0.387560 81
0.569378 119
0.062201 13
1.000000 209
0.387560 81
0.497608 104
0.282297 59
1.000000 209
0.186603 39
0.306220 64
0.172249 36
0.244019 51
1.000000 209
0.066986 14
0.387560 81
0.569378 119
0.200957 42
0.497608 104
0.282297 59
0.569378 119
1.000000 209
0.177033 37
0.157895 33
0.052632 11
0.387560 81
0.320574 67
0.306220 64
0.282297 59
0.244019 51
1.000000 209
0.320574 67
0.282297 59
0.569378 119
0.028708 6
0.306220 64
0.387560 81
0.497608 104
1.000000 209
0.191388 40
0.244019 51
1.000000 209
0.191388 40
0.320574 67
0.569378 119
0.497608 104
1.000000 209
0.200957 42
0.043062 9
0.320574 67
0.569378 119
0.052632 11
0.497608 104
1.000000 209
0.148325 31
0.387560 81
0.229665 48
0.306220 64
0.320574 67
0.569378 119
1.000000 209
0.191388 40
0.244019 51
1.000000 209
0.191388 40
0.569378 119
1.000000 209
0.157895 33
0.186603 39
0.387560 81
0.004785 1
0.229665 48
0.569378 119
0.497608 104
0.191388 40
0.200957 42
0.244019 51
0.076555 16
1.000000 209
0.014354 3
0.081340 17
0.387560 81
1.000000 209
0.282297 59
0.306220 64
0.172249 36
0.191388 40
0.569378 119
0.191388 40
0.569378 119
1.000000 209
0.200957 42
0.043062 9
0.320574 67
0.569378 119
0.052632 11
0.497608 104
1.000000 209
0.200957 42
0.157895 33
0.497608 104
0.191388 40
0.320574 67
0.569378 119
0.062201 13
1.000000 209
0.387560 81
0.497608 104
0.282297 59
1.000000 209
0.200957 42
0.157895 33
0.497608 104
0.186603 39
0.497608 104
0.043062 9
0.387560 81
1.000000 209
0.066986 14
0.306220 64
0.191388 40
0.569378 119
0.191388 40
0.569378 119
1.000000 209
0.028708 6
0.497608 104
0.229665 48
0.186603 39
0.497608 104
0.028708 6
0.497608 104
0.320574 67
0.244019 51
1.000000 209
0.057416 12
0.229665 48
1.000000 209
0.200957 42
0.043062 9
0.320574 67
0.569378 119
0.052632 11
0.497608 104
1.000000 209
0.177033 37
0.157895 33
0.200957 42
0.306220 64
0.282297 59
0.387560 81
0.076555 16
0.062201 13
0.062201 13
0.009569 2
0.306220 64
0.081340 17
0.320574 67
0.569378 119
0.177033 37
0.569378 119
1.000000 209
0.282297 59
0.244019 51
0.191388 40
0.306220 64
0.066986 14
0.177033 37
0.497608 104
0.306220 64
1.000000 209
0.306220 64
0.081340 17
0.306220 64
0.282297 59
0.497608 104
0.320574 67
0.569378 119
0.076555 16
1.000000 209
0.009569 2
0.200957 42
0.306220 64
0.148325 31
1.000000 209
0.191388 40
0.569378 119
1.000000 209
0.172249 36
0.306220 64
0.320574 67
0.569378 119
0.497608 104
0.306220 64
1.000000 209
0.057416 12
0.229665 48
0.066986 14
0.282297 59
0.306220 64
0.172249 36
0.320574 67
0.497608 104
1.000000 209
0.066986 14
0.244019 51
0.282297 59
0.244019 51
1.000000 209
0.023923 5
0.282297 59
0.387560 81
0.028708 6
0.387560 81
1.000000 209
0.186603 39
0.387560 81
0.229665 48
1.000000 209
0.148325 31
0.043062 9
0.229665 48
0.200957 42
0.244019 51
0.282297 59
0.387560 81
0.177033 37
0.569378 119
1.000000 209
0.497608 104
0.066986 14
0.177033 37
0.497608 104
0.320574 67
0.569378 119
1.000000 209
0.172249 36
0.569378 119
1.000000 209
0.148325 31
0.497608 104
0.191388 40
0.244019 51
1.000000 209
0.081340 17
0.387560 81
0.043062 9
0.387560 81
1.000000 209
0.172249 36
0.306220 64
0.320574 67
0.569378 119
0.497608 104
0.306220 64
1.000000 209
0.186603 39
0.569378 119
0.282297 59
0.497608 104
0.229665 48
0.028708 6
0.497608 104
1.000000 209
0.172249 36
0.569378 119
1.000000 209
0.157895 33
0.497608 104
0.148325 31
0.569378 119
0.229665 48
0.387560 81
1.000000 209
0.200957 42
0.043062 9
0.229665 48
0.186603 39
1.000000 209
0.497608 104
0.200957 42
0.569378 119
0.081340 17
0.320574 67
0.387560 81
0.497608 104
1.000000 209
0.186603 39
0.157895 33
0.282297 59
0.148325 31
0.569378 119
0.497608 104
0.306220 64
0.076555 16
0.062201 13
0.062201 13
0.014354 3
0.320574 67
0.244019 51
0.172249 36
0.043062 9
0.229665 48
0.387560 81
0.387560 81
1.000000 209
0.200957 42
0.497608 104
0.191388 40
0.569378 119
0.387560 81
1.000000 209
0.052632 11
0.244019 51
0.028708 6
0.043062 9
0.229665 48
0.186603 39
1.000000 209
0.200957 42
0.244019 51
1.000000 209
0.172249 36
0.497608 104
0.177033 37
0.569378 119
0.320574 67
0.497608 104
1.000000 209
0.229665 48
0.306220 64
0.043062 9
0.387560 81
1.000000 209
0.148325 31
0.497608 104
0.387560 81
1.000000 209
0.497608 104
0.028708 6
0.306220 64
0.320574 67
0.244019 51
0.062201 13
1.000000 209
0.157895 33
1.000000 209
0.497608 104
0.282297 59
0.306220 64
0.229665 48
0.200957 42
0.497608 104
0.282297 59
0.244019 51
1.000000 209
0.057416 12
0.229665 48
1.000000 209
0.191388 40
0.320574 67
0.282297 59
0.497608 104
0.186603 39
0.244019 51
1.000000 209
0.172249 36
0.569378 119
0.191388 40
0.320574 67
0.569378 119
1.000000 209
0.306220 64
0.229665 48
1.000000 209
0.148325 31
0.244019 51
0.177033 37
0.186603 39
0.497608 104
0.282297 59
1.000000 209
0.186603 39
0.569378 119
1.000000 209
0.066986 14
0.282297 59
0.306220 64
0.229665 48
0.028708 6
0.569378 119
1.000000 209
0.052632 11
0.569378 119
0.081340 17
0.320574 67
0.569378 119
0.186603 39
0.569378 119
0.076555 16
1.000000 209
0.009569 2
0.497608 104
0.081340 17
0.387560 81
0.229665 48
0.497608 104
1.000000 209
0.186603 39
0.569378 119
1.000000 209
0.023923 5
0.306220 64
0.229665 48
0.157895 33
0.387560 81
1.000000 209
0.306220 64
0.282297 59
0.148325 31
0.497608 104
1.000000 209
0.191388 40
0.244019 51
1.000000 209
0.177033 37
0.569378 119
1.000000 209
0.282297 59
0.387560 81
0.186603 39
0.387560 81
0.200957 42
0.569378 119
1.000000 209
0.497608 104
1.000000 209
0.186603 39
0.157895 33
0.306220 64
0.497608 104
1.000000 209
0.028708 6
0.387560 81
0.076555 16
0.062201 13
0.062201 13
0.014354 3
0.229665 48
0.320574 67
0.282297 59
0.569378 119
1.000000 209
0.320574 67
0.387560 81
0.148325 31
0.172249 36
1.000000 209
0.157895 33
1.000000 209
0.066986 14
0.497608 104
0.282297 59
0.148325 31
0.497608 104
0.200957 42
0.387560 81
0.191388 40
0.320574 67
0.244019 51
1.000000 209
0.028708 6
0.244019 51
0.320574 67
0.282297 59
0.043062 9
0.229665 48
0.244019 51
1.000000 209
0.320574 67
0.282297 59
0.569378 119
0.200957 42
0.306220 64
1.000000 209
0.172249 36
0.569378 119
1.000000 209
0.497608 104
0.200957 42
0.157895 33
0.177033 37
0.157895 33
0.062201 13
1.000000 209
0.191388 40
0.172249 36
0.282297 59
0.387560 81
0.028708 6
0.387560 81
0.229665 48
0.387560 81
0.320574 67
0.244019 51
1.000000 209
0.057416 12
0.229665 48
0.320574 67
0.282297 59
0.043062 9
0.306220 64
0.229665 48
1.000000 209
0.028708 6
0.244019 51
0.023923 5
0.076555 16
1.000000 209
0.014354 3
0.569378 119
1.000000 209
0.157895 33
0.172249 36
0.282297 59
0.387560 81
1.000000 209
0.057416 12
0.229665 48
1.000000 209
0.186603 39
0.282297 59
0.569378 119
0.172249 36
0.320574 67
0.306220 64
0.177033 37
1.000000 209
0.023923 5
0.282297 59
0.244019 51
0.148325 31
0.569378 119
0.028708 6
0.387560 81
0.387560 81
1.000000 209
0.186603 39
0.569378 119
1.000000 209
0.066986 14
0.282297 59
0.306220 64
0.229665 48
0.028708 6
0.569378 119
0.062201 13
1.000000 209
0.052632 11
0.244019 51
0.028708 6
0.306220 64
1.000000 209
0.172249 36
0.497608 104
0.177033 37
0.569378 119
0.320574 67
0.497608 104
0.062201 13
1.000000 209
0.157895 33
1.000000 209
0.282297 59
0.387560 81
0.186603 39
0.387560 81
0.200957 42
0.244019 51
1.000000 209
0.057416 12
0.229665 48
1.000000 209
0.148325 31
0.043062 9
0.229665 48
0.244019 51
1.000000 209
0.081340 17
0.387560 81
1.000000 209
0.157895 33
1.000000 209
0.057416 12
0.229665 48
0.320574 67
0.157895 33
0.497608 104
0.282297 59
0.191388 40
0.569378 119
1.000000 209
0.172249 36
0.569378 119
1.000000 209
0.320574 67
0.157895 33
0.497608 104
0.320574 67
0.569378 119
1.000000 209
0.172249 36
0.244019 51
0.282297 59
0.023923 5
0.387560 81
0.177033 37
0.569378 119
0.076555 16
0.062201 13
0.062201 13
0.043062 9
0.014354 3
0.569378 119
1.000000 209
0.172249 36
0.497608 104
0.177033 37
0.569378 119
0.320574 67
0.244019 51
1.000000 209
0.028708 6
0.306220 64
0.229665 48
0.244019 51
0.009569 2
1.000000 209
0.569378 119
0.004785 1
0.200957 42
0.177033 37
0.497608 104
0.148325 31
0.244019 51
1.000000 209
0.569378 119
0.497608 104
0.076555 16
1.000000 209
0.009569 2
0.081340 17
1.000000 209
0.172249 36
0.306220 64
0.320574 67
0.569378 119
0.497608 104
1.000000 209
0.191388 40
0.244019 51
1.000000 209
0.387560 81
0.497608 104
0.306220 64
1.000000 209
0.200957 42
0.306220 64
1.000000 209
0.569378 119
0.497608 104
1.000000 209
0.200957 42
0.306220 64
0.320574 67
0.387560 81
0.387560 81
0.177033 37
0.569378 119
1.000000 209
0.186603 39
0.569378 119
1.000000 209
0.148325 31
0.569378 119
0.186603 39
0.387560 81
0.200957 42
0.497608 104
0.148325 31
0.569378 119
0.229665 48
0.320574 67
0.569378 119
1.000000 209
0.497608 104
0.066986 14
0.177033 37
0.497608 104
0.320574 67
0.569378 119
1.000000 209
0.172249 36
0.569378 119
1.000000 209
0.282297 59
0.497608 104
0.066986 14
0.320574 67
0.306220 64
0.282297 59
0.387560 81
0.177033 37
0.569378 119
1.000000 209
0.186603 39
0.569378 119
1.000000 209
0.191388 40
0.306220 64
0.191388 40
0.076555 16
1.000000 209
0.014354 3
0.497608 104
0.306220 64
0.062201 13
1.000000 209
0.497608 104
0.081340 17
1.000000 209
0.172249 36
0.306220 64
0.320574 67
0.569378 119
0.497608 104
1.000000 209
0.191388 40
0.244019 51
1.000000 209
0.177033 37
0.569378 119
1.000000 209
0.057416 12
0.229665 48
0.320574 67
0.387560 81
0.229665 48
0.186603 39
1.000000 209
0.172249 36
0.497608 104
0.200957 42
0.387560 81
0.569378 119
0.229665 48
0.023923 5
0.387560 81
0.177033 37
0.157895 33
0.282297 59
1.000000 209
0.172249 36
0.497608 104
0.191388 40
0.320574 67
0.387560 81
0.177033 37
0.569378 119
0.177033 37
0.569378 119
0.062201 13
1.000000 209
0.066986 14
0.244019 51
0.282297 59
0.244019 51
1.000000 209
0.191388 40
0.244019 51
1.000000 209
0.148325 31
0.244019 51
1.000000 209
0.148325 31
0.497608 104
0.387560 81
1.000000 209
0.282297 59
0.387560 81
0.186603 39
0.387560 81
0.200957 42
1.000000 209
0.186603 39
0.569378 119
1.000000 209
0.172249 36
0.569378 119
1.000000 209
0.191388 40
0.200957 42
0.497608 104
0.306220 64
0.229665 48
0.076555 16
1.000000 209
0.014354 3
0.569378 119
1.000000 209
0.229665 48
0.157895 33
0.282297 59
0.157895 33
0.200957 42
0.157895 33
0.497608 104
0.191388 40
0.244019 51
1.000000 209
0.191388 40
0.306220 64
0.229665 48
0.320574 67
1.000000 209
0.200957 42
0.244019 51
1.000000 209
0.497608 104
0.148325 31
1.000000 209
0.023923 5
0.244019 51
0.191388 40
0.387560 81
0.320574 67
0.043062 9
0.157895 33
0.009569 2
0.062201 13
0.062201 13
0.004785 1
0.387560 81
1.000000 209
0.186603 39
0.387560 81
0.229665 48
1.000000 209
0.200957 42
0.177033 37
0.387560 81
0.172249 36
0.497608 104
1.000000 209
0.497608 104
0.200957 42
0.569378 119
0.569378 119
0.497608 104
0.062201 13
1.000000 209
0.172249 36
0.497608 104
0.177033 37
0.569378 119
0.320574 67
0.497608 104
1.000000 209
0.186603 39
0.569378 119
1.000000 209
0.148325 31
0.306220 64
0.081340 17
0.320574 67
0.569378 119
1.000000 209
0.057416 12
0.081340 17
0.387560 81
1.000000 209
0.057416 12
0.229665 48
0.200957 42
0.569378 119
0.172249 36
0.306220 64
1.000000 209
0.157895 33
1.000000 209
0.229665 48
0.157895 33
0.306220 64
0.244019 51
1.000000 209
0.052632 11
0.387560 81
0.497608 104
0.023923 5
0.244019 51
0.004785 1
1.000000 209
0.186603 39
0.569378 119
1.000000 209
0.497608 104
0.191388 40
0.387560 81
0.191388 40
0.320574 67
0.569378 119
0.229665 48
0.320574 67
1.000000 209
0.186603 39
0.569378 119
1.000000 209
0.066986 14
0.497608 104
0.282297 59
0.148325 31
0.497608 104
0.200957 42
0.387560 81
0.191388 40
0.320574 67
0.076555 16
0.062201 13
